2.233 1 -470.790000 0.094 -19.892305      encut200/OUTCAR
2.283 1 -202.620000 0.014 -20.610969      encut250/OUTCAR
2.312 1 -44.970000 0.123 -20.639394      encut300/OUTCAR
2.328 1 35.300000 0.009 -20.506154      encut350/OUTCAR
2.323 1 69.250000 0.001 -20.453646      encut400/OUTCAR
2.313 1 83.200000 0.001 -20.433267      encut450/OUTCAR
2.307 1 86.870000 0.021 -20.425876      encut500/OUTCAR
2.313 1 87.140000 0.002 -20.430765      encut550/OUTCAR
2.309 1 86.110000 0.000 -20.435569      encut600/OUTCAR
2.305 1 85.390000 0.006 -20.441164      encut650/OUTCAR
2.314 1 85.730000 0.022 -20.445609      encut700/OUTCAR
2.310 1 83.940000 0.006 -20.448444      encut750/OUTCAR
2.303 1 86.230000 0.020 -20.451243      encut800/OUTCAR
2.304 1 86.590000 0.016 -20.451787      encut850/OUTCAR
2.316 1 87.140000 0.017 -20.452071      encut900/OUTCAR
2.312 1 87.170000 0.007 -20.452493      encut950/OUTCAR
2.309 1 87.120000 0.000 -20.454064      encut1000/OUTCAR
