0.000 1 -156.340000 0.000 -17.963642      encut200/OUTCAR
0.000 1 -84.520000 0.000 -18.411583      encut250/OUTCAR
0.000 1 -38.190000 0.000 -18.524583      encut300/OUTCAR
0.000 1 -14.380000 0.000 -18.488537      encut350/OUTCAR
0.000 1 -4.810000 0.000 -18.459965      encut400/OUTCAR
0.000 1 -0.900000 0.000 -18.447848      encut450/OUTCAR
0.000 1 0.370000 0.000 -18.441924      encut500/OUTCAR
0.000 1 -0.210000 0.000 -18.444580      encut550/OUTCAR
0.000 1 -0.950000 0.000 -18.447818      encut600/OUTCAR
0.000 1 -1.370000 0.000 -18.452826      encut650/OUTCAR
0.000 1 -1.200000 0.000 -18.457044      encut700/OUTCAR
0.000 1 -2.320000 0.000 -18.459401      encut750/OUTCAR
0.000 1 -1.060000 0.000 -18.461777      encut800/OUTCAR
0.000 1 -0.900000 0.000 -18.461996      encut850/OUTCAR
0.000 1 -0.530000 0.000 -18.462442      encut900/OUTCAR
0.000 1 -0.630000 0.000 -18.462522      encut950/OUTCAR
0.000 1 -0.530000 0.000 -18.463902      encut1000/OUTCAR
